11101001111010111101111101101111
10011100011110010111011111101001
11000111111011110100111001011101
10111010011100001110111111000100
11011111000111111011111111110000
11110001110110111100111101101110
00011100100011101100001111100010
01110100111000111101010011110010
00111011111110001110000111001011
11001111100011101101110111111010
01110001111011111100011110100111
01101111001111100001011011100101
10111011111100101110000001110111
01001110000111010011100101111001
11100011110000010100001101010011
11000111011011101001110010111011
01110001111010011100001111001000
11001000111110110101011110011111
01000000101010001110100111011111
00100011010011011100110011110010
11010010111001001100000000000000
xxxx
11111000111111111111001111111111
11111110000000100000000000001000
01100000000000000000000000000010
11010000111111111111001000111111
00000000000000000000000000000000
11010000111111111111001000000000
11011111111111111111111111111101
11101111111111111111111111110111
00000000011111100000000000011100
11111000000000000111111111111111
01010000000000000000000000000010
11111111111111111000000000000000
00000000000000001000000000000000
01111000000000000111111111111111
11100001111111111111111111110111
11100000111111111111001111111111
